
hf1 = [ 0, h2, h3, 0, 0, 0, 0, -h1, 0, - d31 - a1*h1*h3, - d32 - a1*h2*h3, - a1*h3^2 - d33, 0, 0, -h1, d21 + a1*h1*h2, a1*h2^2 + d22, d23 + a1*h2*h3, 0, 0, 0, (h1^2 - 1)*(a4*l1*r11 + a4*r21*(l2 - x2) + a4*r31*(l3 - x3)) + a1*d11*h1 - a4*r11*x1*(h1^2 - 1), (h1^2 - 1)*(a4*l1*r12 + a4*r22*(l2 - x2) + a4*r32*(l3 - x3)) - x1*(a4*r12*(h1^2 - 1) + a4*h1*h2*r11) + a1*d11*h2 + a1*d12*h1 + h1*h2*(a4*l1*r11 + a4*r21*(l2 - x2) + a4*r31*(l3 - x3)), (h1^2 - 1)*(a4*l1*r13 + a4*r23*(l2 - x2) + a4*r33*(l3 - x3)) - x1*(a4*r13*(h1^2 - 1) + a4*h1*h3*r11) + a1*d11*h3 + a1*d13*h1 + h1*h3*(a4*l1*r11 + a4*r21*(l2 - x2) + a4*r31*(l3 - x3)), 0, 0, 0, 0, a1*d12*h2 + h1*h2*(a4*l1*r12 + a4*r22*(l2 - x2) + a4*r32*(l3 - x3)) - a4*h1*h2*r12*x1, a1*d12*h3 - x1*(a4*h1*h2*r13 + a4*h1*h3*r12) + a1*d13*h2 + h1*h3*(a4*l1*r12 + a4*r22*(l2 - x2) + a4*r32*(l3 - x3)) + h1*h2*(a4*l1*r13 + a4*r23*(l2 - x2) + a4*r33*(l3 - x3)), 0, 0, 0, 0, 0, a1*d13*h3 + h1*h3*(a4*l1*r13 + a4*r23*(l2 - x2) + a4*r33*(l3 - x3)) - a4*h1*h3*r13*x1];
hf2 = [ -h2, h1, h3, d31 + a1*h1*h3, d32 + a1*h2*h3, a1*h3^2 + d33, 0, -h1, h3, - d31 - a1*h1*h3, - d32 - a1*h2*h3, - a1*h3^2 - d33, 0, 0, -h2, - a1*h1^2 - d11, - d12 - a1*h1*h2, - d13 - a1*h1*h3, 0, 0, 0, a1*d21*h1 + h1*h2*(a4*l1*r11 + a4*r21*(l2 - x2) + a4*r31*(l3 - x3)) - a4*h1*h2*r11*x1, (h2^2 - 1)*(a4*l1*r11 + a4*r21*(l2 - x2) + a4*r31*(l3 - x3)) - x1*(a4*r11*(h2^2 - 1) + a4*h1*h2*r12) + a1*d21*h2 + a1*d22*h1 + h1*h2*(a4*l1*r12 + a4*r22*(l2 - x2) + a4*r32*(l3 - x3)), a1*d21*h3 - x1*(a4*h1*h2*r13 + a4*h2*h3*r11) + a1*d23*h1 + h2*h3*(a4*l1*r11 + a4*r21*(l2 - x2) + a4*r31*(l3 - x3)) + h1*h2*(a4*l1*r13 + a4*r23*(l2 - x2) + a4*r33*(l3 - x3)), 0, 0, 0, 0, (h2^2 - 1)*(a4*l1*r12 + a4*r22*(l2 - x2) + a4*r32*(l3 - x3)) + a1*d22*h2 - a4*r12*x1*(h2^2 - 1), (h2^2 - 1)*(a4*l1*r13 + a4*r23*(l2 - x2) + a4*r33*(l3 - x3)) - x1*(a4*r13*(h2^2 - 1) + a4*h2*h3*r12) + a1*d22*h3 + a1*d23*h2 + h2*h3*(a4*l1*r12 + a4*r22*(l2 - x2) + a4*r32*(l3 - x3)), 0, 0, 0, 0, 0, a1*d23*h3 + h2*h3*(a4*l1*r13 + a4*r23*(l2 - x2) + a4*r33*(l3 - x3)) - a4*h2*h3*r13*x1];
hf3 = [ -h3, h1, h1, - d21 - a1*h1*h2, - a1*h2^2 - d22, - d23 - a1*h2*h3, 0, -h3, h2, a1*h1^2 + d11, d12 + a1*h1*h2, d13 + a1*h1*h3, 0, 0, -h2, - a1*h1^2 - d11, - d12 - a1*h1*h2, - d13 - a1*h1*h3, 0, 0, 0, a1*d31*h1 + h1*h3*(a4*l1*r11 + a4*r21*(l2 - x2) + a4*r31*(l3 - x3)) - a4*h1*h3*r11*x1, a1*d31*h2 - x1*(a4*h1*h3*r12 + a4*h2*h3*r11) + a1*d32*h1 + h2*h3*(a4*l1*r11 + a4*r21*(l2 - x2) + a4*r31*(l3 - x3)) + h1*h3*(a4*l1*r12 + a4*r22*(l2 - x2) + a4*r32*(l3 - x3)), (h3^2 - 1)*(a4*l1*r11 + a4*r21*(l2 - x2) + a4*r31*(l3 - x3)) - x1*(a4*r11*(h3^2 - 1) + a4*h1*h3*r13) + a1*d31*h3 + a1*d33*h1 + h1*h3*(a4*l1*r13 + a4*r23*(l2 - x2) + a4*r33*(l3 - x3)), 0, 0, 0, 0, a1*d32*h2 + h2*h3*(a4*l1*r12 + a4*r22*(l2 - x2) + a4*r32*(l3 - x3)) - a4*h2*h3*r12*x1, (h3^2 - 1)*(a4*l1*r12 + a4*r22*(l2 - x2) + a4*r32*(l3 - x3)) - x1*(a4*r12*(h3^2 - 1) + a4*h2*h3*r13) + a1*d32*h3 + a1*d33*h2 + h2*h3*(a4*l1*r13 + a4*r23*(l2 - x2) + a4*r33*(l3 - x3)), 0, 0, 0, 0, 0, (h3^2 - 1)*(a4*l1*r13 + a4*r23*(l2 - x2) + a4*r33*(l3 - x3)) + a1*d33*h3 - a4*r13*x1*(h3^2 - 1)];


H = [hf1;hf2;hf3];

